1300
  -9.1166727e+01   1.1970383e+02   4.9723882e+01
  -9.2882015e+01   1.2105322e+02   5.0356129e+01
  -9.0448414e+01   1.1954413e+02   5.0167032e+01
  -9.2364889e+01   1.1851479e+02   4.9126674e+01
  -9.2444280e+01   1.2164957e+02   4.8423960e+01
  -9.1688934e+01   1.2093003e+02   4.6958977e+01
  -9.3272834e+01   1.1861651e+02   4.9058041e+01
  -9.2132880e+01   1.2028911e+02   5.0475512e+01
  -9.1885073e+01   1.1860979e+02   4.9360867e+01
  -9.3430432e+01   1.1829789e+02   4.8823872e+01
  -8.9767732e+01   1.1988904e+02   5.0569145e+01
  -9.1741536e+01   1.2096192e+02   4.6968257e+01
  -9.3631788e+01   1.1888005e+02   4.9340411e+01
  -9.1885016e+01   1.1966408e+02   5.0184106e+01
  -9.3572126e+01   1.1836853e+02   4.8885876e+01
  -9.1612430e+01   1.2091303e+02   5.1261125e+01
  -9.2169252e+01   1.1819059e+02   4.9103861e+01
  -9.2644340e+01   1.2196037e+02   4.9379483e+01
  -9.2635739e+01   1.2078250e+02   4.9854907e+01
  -9.0054757e+01   1.1932051e+02   5.0751757e+01
  -9.1844628e+01   1.2103134e+02   4.6856112e+01
  -9.2356369e+01   1.2063356e+02   4.9899002e+01
  -9.1414310e+01   1.1928367e+02   4.9598517e+01
  -9.0746963e+01   1.2060220e+02   4.7501280e+01
  -9.2079351e+01   1.1784970e+02   4.9047224e+01
  -9.2140724e+01   1.2084750e+02   4.9937785e+01
  -9.1676931e+01   1.2083371e+02   5.1178789e+01
  -9.1995486e+01   1.1814098e+02   4.9190713e+01
  -9.2882135e+01   1.1882346e+02   4.9177077e+01
  -9.3428291e+01   1.1970706e+02   4.9982475e+01
  -9.1354145e+01   1.2110128e+02   5.1640905e+01
  -9.3441757e+01   1.2046914e+02   5.0707618e+01
  -9.3334461e+01   1.1819147e+02   4.8747643e+01
  -9.1063155e+01   1.2090242e+02   5.0516969e+01
  -9.1667744e+01   1.2082489e+02   5.1197479e+01
  -9.0265574e+01   1.1977963e+02   5.0128166e+01
  -9.2688915e+01   1.1900850e+02   4.9270303e+01
  -9.2314445e+01   1.1864220e+02   4.9187198e+01
  -9.3249760e+01   1.2113425e+02   5.1078067e+01
  -9.2757627e+01   1.2041887e+02   4.9907983e+01
  -9.3345461e+01   1.1844914e+02   4.8938004e+01
  -8.9923378e+01   1.2046477e+02   4.8976713e+01
  -9.1958596e+01   1.1893597e+02   4.9377513e+01
  -9.3534438e+01   1.1947771e+02   4.9841480e+01
  -9.1981543e+01   1.1851215e+02   4.9291436e+01
  -9.3255297e+01   1.1946676e+02   4.9685666e+01
  -9.2142981e+01   1.2119230e+02   4.8246538e+01
  -9.1052238e+01   1.2038089e+02   4.8692874e+01
  -9.2551402e+01   1.2159644e+02   4.9386061e+01
  -9.2473098e+01   1.2103147e+02   4.9539664e+01
  -9.1001430e+01   1.2008289e+02   4.9571045e+01
  -9.2894669e+01   1.1886332e+02   4.9199614e+01
  -9.1991106e+01   1.2085729e+02   5.0423151e+01
  -9.1008500e+01   1.1924113e+02   4.9862391e+01
  -9.1480112e+01   1.1947975e+02   4.9834014e+01
  -9.2013802e+01   1.2116451e+02   4.6999976e+01
  -9.2030076e+01   1.2084970e+02   4.8754815e+01
  -9.2751388e+01   1.2190835e+02   5.0146413e+01
  -9.2320736e+01   1.1807421e+02   4.8982604e+01
  -9.3694297e+01   1.1935156e+02   4.9811301e+01
  -9.2881456e+01   1.2164803e+02   5.0617932e+01
  -9.0827301e+01   1.2019905e+02   4.9113132e+01
  -9.3037855e+01   1.1970786e+02   4.9744742e+01
  -9.0999301e+01   1.2057271e+02   5.0072696e+01
  -9.2919567e+01   1.2164879e+02   5.0732200e+01
  -9.3290981e+01   1.2082250e+02   5.0852074e+01
  -9.0946260e+01   1.1897232e+02   4.9991750e+01
  -9.0583394e+01   1.2000671e+02   4.9562856e+01
  -9.1987627e+01   1.1984984e+02   5.0331964e+01
  -9.3468152e+01   1.1969133e+02   4.9995085e+01
  -9.3275095e+01   1.2006085e+02   5.0169083e+01
  -9.3209565e+01   1.1902857e+02   4.9345942e+01
  -9.0962848e+01   1.2053598e+02   5.0495497e+01
  -9.2059629e+01   1.2109543e+02   4.8220658e+01
  -9.3012114e+01   1.1895471e+02   4.9262135e+01
  -9.3243537e+01   1.1916073e+02   4.9451235e+01
  -9.2780925e+01   1.2121647e+02   5.0213107e+01
  -9.2065001e+01   1.1860495e+02   4.9272391e+01
  -9.1938589e+01   1.1950409e+02   4.9985243e+01
  -9.3199843e+01   1.1912786e+02   4.9414532e+01
  -9.2217179e+01   1.2130905e+02   4.8168675e+01
  -9.0596657e+01   1.1979452e+02   4.9813383e+01
  -9.1102825e+01   1.1961709e+02   4.9266287e+01
  -9.0874619e+01   1.2063162e+02   4.7300163e+01
  -9.2110623e+01   1.2085159e+02   5.0037694e+01
  -9.1367922e+01   1.1878754e+02   4.9689977e+01
  -9.3205401e+01   1.2005206e+02   5.0103358e+01
  -9.2597324e+01   1.2156466e+02   4.9627653e+01
  -9.1026416e+01   1.2071715e+02   5.0212219e+01
  -9.1021867e+01   1.1900818e+02   4.9920596e+01
  -9.2768253e+01   1.2206708e+02   5.0173281e+01
  -9.2716528e+01   1.1893785e+02   4.9237112e+01
  -9.1270100e+01   1.2095249e+02   5.0082931e+01
  -9.1847453e+01   1.2100702e+02   4.7517957e+01
  -9.2363942e+01   1.2017446e+02   5.0135654e+01
  -9.2664586e+01   1.2107348e+02   4.9938900e+01
  -9.0708453e+01   1.2058969e+02   4.7610277e+01
  -9.1282833e+01   1.1866574e+02   4.9758124e+01
  -9.2429459e+01   1.2164825e+02   4.8164176e+01
  -9.1992783e+01   1.2082223e+02   4.8723716e+01
  -9.1923224e+01   1.1806515e+02   4.9217425e+01
  -9.2168686e+01   1.2087947e+02   4.9278228e+01
  -9.2617402e+01   1.2045529e+02   4.9534089e+01
  -9.1152692e+01   1.1941466e+02   4.9699350e+01
  -9.3206000e+01   1.2106525e+02   5.0938991e+01
  -9.1229300e+01   1.2062829e+02   4.7937987e+01
  -9.1975079e+01   1.2004065e+02   5.0504675e+01
  -9.1853608e+01   1.2103725e+02   4.6803159e+01
  -9.2582352e+01   1.1977869e+02   4.9739557e+01
  -8.9915046e+01   1.1977661e+02   5.0524346e+01
  -9.2896439e+01   1.2196015e+02   5.0791300e+01
  -9.1029350e+01   1.2067364e+02   4.7018142e+01
  -9.3396704e+01   1.1922993e+02   4.9559476e+01
  -9.3125728e+01   1.2030186e+02   5.0218808e+01
  -9.0414681e+01   1.1908053e+02   5.0468390e+01
  -9.0930031e+01   1.2027006e+02   4.8946265e+01
  -9.1665644e+01   1.2088079e+02   4.7531728e+01
  -9.2710282e+01   1.2198836e+02   4.9857604e+01
  -9.0508220e+01   1.2006182e+02   4.9532397e+01
  -9.2207013e+01   1.2127337e+02   4.8276914e+01
  -9.0026056e+01   1.2042248e+02   4.9036747e+01
  -9.3010292e+01   1.1967508e+02   4.9709261e+01
  -9.2687894e+01   1.2162347e+02   4.9959504e+01
  -9.1192384e+01   1.1922662e+02   4.9739984e+01
  -9.1917486e+01   1.2108020e+02   4.7240710e+01
  -9.2777441e+01   1.2203051e+02   5.0243079e+01
  -9.0155113e+01   1.1926695e+02   5.0665755e+01
  -9.3385579e+01   1.1927697e+02   4.9593533e+01
  -9.0968165e+01   1.2079427e+02   5.1420246e+01
  -9.2808753e+01   1.2192893e+02   5.0415914e+01
  -9.3014390e+01   1.2129806e+02   5.0759428e+01
  -9.3325736e+01   1.1972641e+02   4.9931359e+01
  -9.0497127e+01   1.1973702e+02   4.9954325e+01
  -9.3582305e+01   1.1979291e+02   5.0172509e+01
  -9.1029975e+01   1.2086533e+02   5.1706319e+01
  -9.1128273e+01   1.2125469e+02   5.1944421e+01
  -9.1730784e+01   1.1809414e+02   4.9361577e+01
  -9.3255747e+01   1.1854529e+02   4.9005841e+01
  -9.2765487e+01   1.1788479e+02   4.8692168e+01
  -9.1476161e+01   1.1865361e+02   4.9615234e+01
  -9.2633745e+01   1.2138992e+02   4.9839778e+01
  -9.2640139e+01   1.1946067e+02   4.9459985e+01
  -9.1615240e+01   1.2103256e+02   5.1081152e+01
  -9.2262111e+01   1.2138087e+02   4.8123666e+01
  -9.3037977e+01   1.1935395e+02   4.9518303e+01
  -9.2684979e+01   1.2072255e+02   4.9915955e+01
  -9.1278655e+01   1.1956104e+02   4.9707369e+01
  -9.1734556e+01   1.2080527e+02   4.8185694e+01
  -9.1422336e+01   1.1912782e+02   4.9623142e+01
  -9.1466339e+01   1.1884508e+02   4.9621474e+01
  -9.2658220e+01   1.1827672e+02   4.8929608e+01
  -9.0538290e+01   1.1977272e+02   4.9883243e+01
  -8.9811151e+01   1.2040029e+02   4.9397110e+01
  -9.2936345e+01   1.2153476e+02   5.0719886e+01
  -9.2662373e+01   1.2043224e+02   4.9459089e+01
  -9.2736716e+01   1.2062775e+02   4.9958994e+01
  -8.9935897e+01   1.2037021e+02   4.9340820e+01
  -9.0642228e+01   1.2033114e+02   4.8880480e+01
  -9.2978345e+01   1.1974630e+02   4.9735976e+01
  -9.1918729e+01   1.1795745e+02   4.9191339e+01
  -9.0969695e+01   1.2045246e+02   5.0366137e+01
  -9.2496465e+01   1.2166118e+02   4.8913411e+01
  -9.2056710e+01   1.2091826e+02   4.9419857e+01
  -9.3245719e+01   1.2036728e+02   5.0394659e+01
  -9.1771348e+01   1.2070147e+02   4.8548405e+01
  -9.1137052e+01   1.2051023e+02   4.8345954e+01
  -9.2592831e+01   1.2093812e+02   4.9794757e+01
  -9.0856267e+01   1.1965907e+02   4.9745256e+01
  -9.3494392e+01   1.2030725e+02   5.0604298e+01
  -9.3298531e+01   1.2068120e+02   5.0732152e+01
  -9.0279787e+01   1.1943285e+02   5.0420197e+01
  -9.2971015e+01   1.2146967e+02   5.0770779e+01
  -9.1463161e+01   1.2063906e+02   4.8235607e+01
  -9.2031280e+01   1.2084039e+02   4.8772794e+01
  -9.2138958e+01   1.1893239e+02   4.9318658e+01
  -9.2625446e+01   1.1830421e+02   4.8952968e+01
  -9.2987340e+01   1.2104013e+02   5.0539528e+01
  -9.2664057e+01   1.1981024e+02   4.9649472e+01
  -9.3602292e+01   1.1875707e+02   4.9222796e+01
  -9.1847748e+01   1.1939304e+02   4.9855617e+01
  -9.2079058e+01   1.2122263e+02   4.6968320e+01
  -9.3569688e+01   1.1866193e+02   4.9133180e+01
  -9.1397243e+01   1.2073171e+02   4.7653317e+01
  -9.2056665e+01   1.2098348e+02   4.8554439e+01
  -9.1365734e+01   1.2114711e+02   5.0850546e+01
  -9.1755661e+01   1.2096876e+02   4.7062007e+01
  -9.0951652e+01   1.2049387e+02   4.8316284e+01
  -9.2345880e+01   1.2078303e+02   4.9417046e+01
  -9.2953467e+01   1.1923526e+02   4.9421382e+01
  -9.2404909e+01   1.1887423e+02   4.9241400e+01
  -9.3622985e+01   1.1866517e+02   4.9146915e+01
  -9.2708887e+01   1.2200046e+02   4.9835242e+01
  -9.3490851e+01   1.2019417e+02   5.0488175e+01
  -8.9960643e+01   1.1966404e+02   5.0589708e+01
  -9.2978285e+01   1.2034599e+02   5.0099490e+01
  -9.2564455e+01   1.1914189e+02   4.9325122e+01
  -9.3015048e+01   1.1929512e+02   4.9474025e+01
  -9.3332238e+01   1.2039922e+02   5.0516700e+01
  -9.3222102e+01   1.1984527e+02   4.9956477e+01
  -9.2230842e+01   1.1784048e+02   4.8945684e+01
  -9.2828050e+01   1.1900813e+02   4.9275533e+01
  -9.0674856e+01   1.2036634e+02   4.8765464e+01
  -9.0889055e+01   1.1889917e+02   5.0058739e+01
  -9.0993615e+01   1.2018620e+02   4.9637645e+01
  -9.3318678e+01   1.1932495e+02   4.9604028e+01
  -9.2861277e+01   1.1847798e+02   4.8986583e+01
  -9.2310506e+01   1.2148003e+02   4.7804157e+01
  -9.1903270e+01   1.2095456e+02   4.9479769e+01
  -9.2789566e+01   1.2178516e+02   5.0333128e+01
  -9.1265957e+01   1.2037223e+02   5.1094973e+01
  -9.1040713e+01   1.2089421e+02   5.1765336e+01
  -9.3220064e+01   1.2122971e+02   5.1113380e+01
  -9.0584415e+01   1.2049565e+02   4.8276490e+01
  -9.1088028e+01   1.2080246e+02   5.0151156e+01
  -9.1045919e+01   1.2010466e+02   5.0153837e+01
  -9.2849079e+01   1.1865048e+02   4.9082965e+01
  -9.2283499e+01   1.1849368e+02   4.9149427e+01
  -9.2470976e+01   1.1983492e+02   4.9893430e+01
  -9.2770923e+01   1.1990582e+02   4.9701978e+01
  -9.2342812e+01   1.2152838e+02   4.7746721e+01
  -9.2047841e+01   1.2089190e+02   4.8721019e+01
  -9.1736942e+01   1.2093002e+02   4.9284567e+01
  -9.0481438e+01   1.1990152e+02   4.9783924e+01
  -9.3158338e+01   1.1897903e+02   4.9300432e+01
  -9.2027744e+01   1.1901876e+02   4.9366068e+01
  -9.1316298e+01   1.1937116e+02   4.9417128e+01
  -9.1636994e+01   1.2104039e+02   5.0062436e+01
  -9.1218852e+01   1.2071595e+02   4.7156990e+01
  -9.2985977e+01   1.1880528e+02   4.9168697e+01
  -9.0672553e+01   1.2050426e+02   4.8220086e+01
  -9.3647436e+01   1.1963374e+02   5.0061850e+01
  -9.3424725e+01   1.1960347e+02   4.9889328e+01
  -9.1607220e+01   1.2057173e+02   5.1206207e+01
  -9.1166537e+01   1.2057830e+02   5.1354754e+01
  -9.1309790e+01   1.2064899e+02   4.7957208e+01
  -9.2675972e+01   1.2188603e+02   4.9740946e+01
  -9.3039622e+01   1.1908227e+02   4.9346211e+01
  -9.0673625e+01   1.2052932e+02   4.8077221e+01
  -8.9725580e+01   1.2027274e+02   4.9907556e+01
  -9.1144532e+01   1.2103260e+02   5.0662546e+01
  -9.2499839e+01   1.2103037e+02   4.9597790e+01
  -9.3187054e+01   1.2027874e+02   5.0262632e+01
  -9.2753066e+01   1.1924441e+02   4.9386516e+01
  -9.0582218e+01   1.1999893e+02   4.9574911e+01
  -9.2727068e+01   1.2100682e+02   5.0051290e+01
  -9.3583819e+01   1.1984037e+02   5.0220520e+01
  -9.0645994e+01   1.2045701e+02   4.8447376e+01
  -9.3425422e+01   1.2062315e+02   5.0841817e+01
  -9.1525459e+01   1.1858815e+02   4.9578141e+01
  -9.2471767e+01   1.1806812e+02   4.8906511e+01
  -9.1833014e+01   1.2079112e+02   4.8455180e+01
  -9.2485226e+01   1.2146444e+02   4.9248564e+01
  -9.2024378e+01   1.1860378e+02   4.9290643e+01
  -9.0804630e+01   1.2010133e+02   4.9290018e+01
  -9.1114883e+01   1.1864412e+02   4.9897232e+01
  -9.2840540e+01   1.2055679e+02   5.0060534e+01
  -9.0537130e+01   1.2028936e+02   4.9045586e+01
  -9.2798232e+01   1.1956228e+02   4.9552641e+01
  -9.1762961e+01   1.2080707e+02   4.8249982e+01
  -9.1194201e+01   1.1909598e+02   4.9771635e+01
  -9.2125182e+01   1.2109925e+02   4.8487490e+01
  -9.1497145e+01   1.2082887e+02   4.9141754e+01
  -9.2116295e+01   1.2125842e+02   4.7395355e+01
  -9.2603758e+01   1.2187390e+02   4.9221188e+01
  -9.1183302e+01   1.1914623e+02   4.9767360e+01
  -9.2751791e+01   1.1878495e+02   4.9160892e+01
  -9.2749111e+01   1.1962981e+02   4.9566136e+01
  -9.2392998e+01   1.1796380e+02   4.8901266e+01
  -9.2268933e+01   1.2076525e+02   4.9819473e+01
  -9.2877442e+01   1.1942625e+02   4.9508930e+01
  -9.0576025e+01   1.2042005e+02   4.8617316e+01
  -9.0744905e+01   1.1970712e+02   4.9784039e+01
  -9.2259783e+01   1.2138470e+02   4.8070368e+01
  -9.2494446e+01   1.2157009e+02   4.9123011e+01
  -9.2666908e+01   1.2180735e+02   4.9763674e+01
  -9.1382943e+01   1.1986356e+02   5.0376573e+01
  -9.1538289e+01   1.2063619e+02   4.8352970e+01
  -8.9917084e+01   1.2034639e+02   4.9443028e+01
  -9.1382571e+01   1.1892294e+02   4.9671180e+01
  -9.3312946e+01   1.1814438e+02   4.8715359e+01
  -8.9953320e+01   1.1939324e+02   5.0826665e+01
  -9.2592057e+01   1.2118994e+02   4.9770228e+01
  -9.1640384e+01   1.2089758e+02   4.7102981e+01
  -8.9998193e+01   1.1963211e+02   5.0575656e+01
  -9.2463399e+01   1.1777472e+02   4.8782612e+01
  -9.1625743e+01   1.1820945e+02   4.9462259e+01
  -9.2991804e+01   1.1900538e+02   4.9290657e+01
  -9.3014366e+01   1.2111250e+02   5.0635258e+01
  -9.2388784e+01   1.2154043e+02   4.8437647e+01
  -9.1856585e+01   1.2096954e+02   4.7866523e+01
  -8.9986092e+01   1.1992547e+02   5.0248277e+01
  -9.1101707e+01   1.2034903e+02   5.0870986e+01
  -9.2978469e+01   1.1923911e+02   4.9429760e+01
  -9.1509474e+01   1.1863514e+02   4.9591530e+01
  -9.3251396e+01   1.2128994e+02   5.1230284e+01
  -9.2612105e+01   1.2172592e+02   4.9545596e+01
  -9.0984443e+01   1.2105285e+02   5.1975724e+01
  -9.1105230e+01   1.1967279e+02   4.9414903e+01
  -9.1208543e+01   1.1973764e+02   4.9903656e+01
  -9.1551850e+01   1.1945517e+02   4.9850392e+01
  -9.2433917e+01   1.2147325e+02   4.8983049e+01
  -9.0930917e+01   1.2090995e+02   5.1359839e+01
  -9.2900979e+01   1.2144528e+02   5.0583230e+01
  -9.1935467e+01   1.1827881e+02   4.9263613e+01
  -8.9642336e+01   1.2007953e+02   5.0439541e+01
  -9.0664510e+01   1.1999122e+02   4.9529730e+01
  -9.1378861e+01   1.2006127e+02   5.0682551e+01
  -9.2349010e+01   1.2131403e+02   4.8897600e+01
  -9.2289107e+01   1.2136363e+02   4.8437198e+01
  -9.3053467e+01   1.1816027e+02   4.8764884e+01
  -9.1469721e+01   1.1928248e+02   4.9571983e+01
  -9.1040070e+01   1.2064338e+02   5.1314534e+01
  -9.1647401e+01   1.1907526e+02   4.9513060e+01
  -9.2714982e+01   1.1906787e+02   4.9298677e+01
  -9.2699789e+01   1.2007875e+02   4.9727541e+01
  -9.3090138e+01   1.2033881e+02   5.0209196e+01
  -9.2520228e+01   1.1850316e+02   4.9073079e+01
  -9.3251259e+01   1.1812304e+02   4.8707537e+01
  -9.3203315e+01   1.2011775e+02   5.0152545e+01
  -9.2530457e+01   1.2161973e+02   4.9238741e+01
  -9.2259972e+01   1.2082540e+02   4.9521941e+01
  -9.1407604e+01   1.2014262e+02   5.0812826e+01
  -9.3680446e+01   1.1895104e+02   4.9421780e+01
  -9.0134877e+01   1.2008399e+02   4.9828198e+01
  -9.3527706e+01   1.2020243e+02   5.0532877e+01
  -9.2132545e+01   1.2082552e+02   5.0067026e+01
  -9.1885794e+01   1.1870730e+02   4.9376242e+01
  -9.3516951e+01   1.1997630e+02   5.0299135e+01
  -9.3026398e+01   1.1990896e+02   4.9866766e+01
  -9.3627460e+01   1.1932051e+02   4.9745508e+01
  -9.2898838e+01   1.2088751e+02   5.0303184e+01
  -9.3605965e+01   1.1866957e+02   4.9147134e+01
  -9.0075483e+01   1.2011558e+02   4.9832172e+01
  -9.1292884e+01   1.2059309e+02   5.1404940e+01
  -9.3012218e+01   1.2025903e+02   5.0078698e+01
  -8.9963799e+01   1.2034890e+02   4.9377870e+01
  -9.2996959e+01   1.2114017e+02   5.0620624e+01
  -8.9986286e+01   1.1967189e+02   5.0551065e+01
  -9.0204574e+01   1.1972136e+02   5.0254034e+01
  -8.9919438e+01   1.2006925e+02   5.0097703e+01
  -9.2048666e+01   1.2116600e+02   4.7733059e+01
  -9.0087644e+01   1.2025150e+02   4.9517772e+01
  -9.1227668e+01   1.1938600e+02   4.9667332e+01
  -9.2928440e+01   1.2113231e+02   5.0484333e+01
  -9.2947839e+01   1.2137206e+02   5.0658245e+01
  -9.0189252e+01   1.1954731e+02   5.0431771e+01
  -9.2479069e+01   1.2172744e+02   4.8344522e+01
  -9.2573346e+01   1.2136080e+02   4.9663479e+01
  -9.2009915e+01   1.2107753e+02   4.8054081e+01
  -9.3079371e+01   1.2162884e+02   5.1155108e+01
  -9.3427714e+01   1.1945932e+02   4.9766423e+01
  -9.3078210e+01   1.2009212e+02   5.0026977e+01
  -9.1127180e+01   1.2073364e+02   4.9815799e+01
  -9.0514746e+01   1.2056974e+02   4.7755562e+01
  -9.0352154e+01   1.1905711e+02   5.0546449e+01
  -9.3448674e+01   1.1855179e+02   4.9024050e+01
  -9.1586733e+01   1.2088431e+02   5.1320944e+01
  -9.1057452e+01   1.2033554e+02   5.0730163e+01
  -9.2734807e+01   1.2018612e+02   4.9795615e+01
  -9.0739621e+01   1.1946316e+02   4.9964641e+01
  -9.3291451e+01   1.1938774e+02   4.9641415e+01
  -9.1797989e+01   1.2084616e+02   4.8207907e+01
  -9.1494921e+01   1.2067969e+02   4.8139566e+01
  -9.1883970e+01   1.2087708e+02   4.8343395e+01
  -9.2539513e+01   1.2004933e+02   4.9868540e+01
  -9.3502934e+01   1.2038736e+02   5.0694847e+01
  -9.2597904e+01   1.2072844e+02   4.9791769e+01
  -9.0975476e+01   1.2038449e+02   5.0212865e+01
  -9.1033813e+01   1.2033988e+02   4.8788528e+01
  -8.9745879e+01   1.1980963e+02   5.0699834e+01
  -9.3010821e+01   1.1973822e+02   4.9749053e+01
  -9.0439369e+01   1.2054719e+02   4.7978320e+01
  -9.2978982e+01   1.2181384e+02   5.1005721e+01
  -9.1116284e+01   1.1953806e+02   4.9662831e+01
  -9.1010405e+01   1.2015931e+02   5.0042287e+01
  -9.1596834e+01   1.2085334e+02   4.7411181e+01
  -9.2207339e+01   1.2091961e+02   4.9040888e+01
  -9.1414701e+01   1.2007987e+02   5.0725184e+01
  -9.2703748e+01   1.1937168e+02   4.9436436e+01
  -9.0235682e+01   1.1907674e+02   5.0669831e+01
  -9.0830093e+01   1.2002436e+02   4.9389915e+01
  -9.0007502e+01   1.1998315e+02   5.0137703e+01
  -9.1510561e+01   1.1868703e+02   4.9592600e+01
  -9.3325929e+01   1.2103339e+02   5.1109399e+01
  -9.2076660e+01   1.2085083e+02   4.8851045e+01
  -9.1723662e+01   1.2090820e+02   4.9171827e+01
  -9.2869905e+01   1.1794150e+02   4.8684330e+01
  -9.0302311e+01   1.1917318e+02   5.0548941e+01
  -9.1385195e+01   1.2053537e+02   4.8459226e+01
  -9.2324561e+01   1.2140529e+02   4.8516053e+01
  -9.1676429e+01   1.2101284e+02   4.9852551e+01
  -9.2571042e+01   1.2113684e+02   4.9730323e+01
  -9.1570690e+01   1.1974978e+02   5.0300667e+01
  -9.2581471e+01   1.2188054e+02   4.8955513e+01
  -9.0586386e+01   1.1897801e+02   5.0326930e+01
  -9.0059450e+01   1.1968972e+02   5.0447268e+01
  -9.2173592e+01   1.1888835e+02   4.9299094e+01
  -9.1410216e+01   1.1882892e+02   4.9658944e+01
  -9.1015218e+01   1.2022052e+02   4.9311226e+01
  -9.0271923e+01   1.1907471e+02   5.0629121e+01
  -9.1947601e+01   1.2041852e+02   5.0752662e+01
  -9.2954183e+01   1.2001599e+02   4.9881330e+01
  -9.2925519e+01   1.2125325e+02   5.0543378e+01
  -9.1437610e+01   1.1944668e+02   4.9736003e+01
  -9.1676767e+01   1.1885243e+02   4.9497676e+01
  -9.3063425e+01   1.1792003e+02   4.8611630e+01
  -9.3227927e+01   1.2002304e+02   5.0099254e+01
  -9.0573132e+01   1.1911109e+02   5.0291611e+01
  -9.0663072e+01   1.1971017e+02   4.9842643e+01
  -9.2823928e+01   1.2139447e+02   5.0367436e+01
  -9.2591076e+01   1.1816419e+02   4.8899510e+01
  -8.9812334e+01   1.1948602e+02   5.0935175e+01
  -9.2344366e+01   1.2152849e+02   4.7819123e+01
  -9.1223997e+01   1.1921501e+02   4.9723031e+01
  -9.3260252e+01   1.1967401e+02   4.9848345e+01
  -9.2749952e+01   1.2185502e+02   5.0155707e+01
  -9.3655726e+01   1.1901248e+02   4.9469703e+01
  -9.2594131e+01   1.2060993e+02   4.9771706e+01
  -9.2625500e+01   1.2102081e+02   4.9857517e+01
  -9.3283032e+01   1.1780927e+02   4.8482308e+01
  -9.2073460e+01   1.2090140e+02   4.9169641e+01
  -9.1077794e+01   1.2097445e+02   5.0670165e+01
  -9.1327573e+01   1.1876724e+02   4.9719957e+01
  -9.1249327e+01   1.2108524e+02   5.0641476e+01
  -9.2706186e+01   1.2094777e+02   5.0000366e+01
  -9.2522047e+01   1.1784707e+02   4.8784155e+01
  -9.1345575e+01   1.2068850e+02   5.1496390e+01
  -9.0695140e+01   1.1990923e+02   4.9614317e+01
  -9.0191338e+01   1.1922605e+02   5.0646941e+01
  -9.0798879e+01   1.2058662e+02   4.7709173e+01
  -9.1542437e+01   1.2087121e+02   4.9234349e+01
  -9.1637591e+01   1.2064973e+02   4.8459818e+01
  -9.2640500e+01   1.2117851e+02   4.9887831e+01
  -9.2562242e+01   1.2167614e+02   4.9329639e+01
  -9.0247874e+01   1.1999077e+02   4.9870022e+01
  -9.2316771e+01   1.1812021e+02   4.9002064e+01
  -9.2738150e+01   1.2205691e+02   4.9983633e+01
  -9.1093187e+01   1.2077709e+02   5.0063040e+01
  -9.1663198e+01   1.2106341e+02   5.0370167e+01
  -9.0976816e+01   1.2038162e+02   5.0280217e+01
  -9.1116209e+01   1.2067614e+02   4.7332080e+01
  -9.1217833e+01   1.2122470e+02   5.1735955e+01
  -8.9850710e+01   1.1991877e+02   5.0421836e+01
  -9.2621429e+01   1.2188504e+02   4.9350501e+01
  -9.2683514e+01   1.1971474e+02   4.9576196e+01
  -9.1549850e+01   1.2097804e+02   4.9720794e+01
  -9.1258551e+01   1.2048309e+02   4.8504339e+01
  -9.0772375e+01   1.1962209e+02   4.9832044e+01
  -9.2038402e+01   1.1826297e+02   4.9198507e+01
  -9.2008052e+01   1.1811807e+02   4.9176399e+01
  -8.9887034e+01   1.2004064e+02   5.0187233e+01
  -9.3165180e+01   1.1896888e+02   4.9294698e+01
  -9.0907539e+01   1.2121212e+02   5.2116139e+01
  -9.1540190e+01   1.2059084e+02   4.8477474e+01
  -9.0119165e+01   1.1957965e+02   5.0482709e+01
  -9.2714611e+01   1.2050970e+02   4.9893196e+01
  -9.3577686e+01   1.2004769e+02   5.0423455e+01
  -9.2370074e+01   1.2074507e+02   4.9534156e+01
  -9.0931316e+01   1.2021272e+02   4.9057203e+01
  -9.2016877e+01   1.1808764e+02   4.9162113e+01
  -9.2945088e+01   1.2053913e+02   5.0177254e+01
  -9.2030526e+01   1.2084307e+02   4.8766816e+01
  -9.2597146e+01   1.2178937e+02   4.9358474e+01
  -9.0957275e+01   1.1878278e+02   5.0019725e+01
  -9.2105970e+01   1.2085039e+02   4.8911723e+01
  -9.2928626e+01   1.1777723e+02   4.8568953e+01
  -9.2696973e+01   1.1846660e+02   4.9011520e+01
  -9.1014933e+01   1.1992026e+02   4.9149484e+01
  -9.2861722e+01   1.1774673e+02   4.8577614e+01
  -9.0920839e+01   1.1972477e+02   4.9653427e+01
  -9.1399367e+01   1.2053713e+02   4.8467401e+01
  -9.3402110e+01   1.1967249e+02   4.9935111e+01
  -9.2720707e+01   1.1928407e+02   4.9399923e+01
  -9.1565203e+01   1.1960561e+02   5.0088408e+01
  -9.1476791e+01   1.1953545e+02   4.9922184e+01
  -9.2161246e+01   1.2056191e+02   5.0409281e+01
  -9.2538263e+01   1.2177617e+02   4.8894559e+01
  -9.0111427e+01   1.2024336e+02   4.9513212e+01
  -9.2972274e+01   1.2032899e+02   5.0083140e+01
  -9.2477954e+01   1.1906184e+02   4.9297225e+01
  -8.9977252e+01   1.2004130e+02   5.0078026e+01
  -9.1784572e+01   1.2098746e+02   4.7075668e+01
  -9.3114395e+01   1.2058575e+02   5.0415259e+01
  -9.3122714e+01   1.1856050e+02   4.9015111e+01
  -9.1674578e+01   1.1876729e+02   4.9494470e+01
  -9.2266704e+01   1.2089572e+02   4.9187811e+01
  -9.1382177e+01   1.2064549e+02   5.1434935e+01
  -9.1008771e+01   1.2106773e+02   5.1173202e+01
  -9.1866841e+01   1.2086198e+02   4.8342352e+01
  -9.1776857e+01   1.1893058e+02   4.9451796e+01
  -9.1019216e+01   1.1988615e+02   4.9192355e+01
  -9.0626960e+01   1.1977866e+02   4.9805867e+01
  -9.0810030e+01   1.2025932e+02   4.8997444e+01
  -9.0762373e+01   1.1932017e+02   5.0023777e+01
  -9.1668831e+01   1.2106401e+02   5.0424969e+01
  -9.1357330e+01   1.2100945e+02   5.0136135e+01
  -9.2271954e+01   1.2139948e+02   4.8093297e+01
  -9.2092917e+01   1.2119983e+02   4.7853166e+01
  -9.3560783e+01   1.1969656e+02   5.0063333e+01
  -8.9626341e+01   1.1997825e+02   5.0630136e+01
  -9.2249412e+01   1.2069595e+02   5.0062767e+01
  -9.2796621e+01   1.2170112e+02   5.0353732e+01
  -9.1020124e+01   1.2121582e+02   5.2179078e+01
  -9.1962196e+01   1.2098443e+02   4.8239318e+01
  -9.2210251e+01   1.2041192e+02   5.0371548e+01
  -9.3095757e+01   1.1777172e+02   4.8508213e+01
  -9.0725799e+01   1.2056331e+02   4.7856559e+01
  -9.1208537e+01   1.2082723e+02   5.1699811e+01
  -9.2019734e+01   1.2090082e+02   4.9063215e+01
  -9.0711165e+01   1.2034033e+02   4.8829600e+01
  -9.2128095e+01   1.1874795e+02   4.9280683e+01
  -9.2714098e+01   1.2201470e+02   4.9856505e+01
  -9.1012263e+01   1.1995394e+02   4.9176634e+01
  -9.2468326e+01   1.2130677e+02   4.9359419e+01
  -8.9815693e+01   1.2014964e+02   5.0072440e+01
  -9.0853378e+01   1.2063051e+02   4.7269307e+01
  -9.3217883e+01   1.2026755e+02   5.0284423e+01
  -9.1783063e+01   1.1914598e+02   4.9455629e+01
  -9.2405220e+01   1.2033995e+02   5.0057979e+01
  -9.1640841e+01   1.2104175e+02   5.0075547e+01
  -9.1210969e+01   1.1975367e+02   4.9940876e+01
  -8.9770391e+01   1.1996204e+02   5.0461155e+01
  -9.1665625e+01   1.1842278e+02   4.9465425e+01
  -9.2693166e+01   1.1938435e+02   4.9439806e+01
  -9.2917239e+01   1.2100597e+02   5.0395868e+01
  -9.2741385e+01   1.2112247e+02   5.0105136e+01
  -9.1975325e+01   1.2084113e+02   5.0507828e+01
  -9.0629496e+01   1.1972420e+02   4.9856216e+01
  -9.1439053e+01   1.2073955e+02   4.8931002e+01
  -9.2881695e+01   1.1852252e+02   4.9008600e+01
  -9.1961061e+01   1.1993491e+02   5.0426059e+01
  -9.2758653e+01   1.1795680e+02   4.8732947e+01
  -8.9569333e+01   1.2015666e+02   5.0395682e+01
  -9.3462836e+01   1.1909103e+02   4.9468649e+01
  -9.2759344e+01   1.2149287e+02   5.0210516e+01
  -8.9745995e+01   1.2036145e+02   4.9621951e+01
  -9.0114217e+01   1.2008749e+02   4.9843546e+01
  -9.3065152e+01   1.2130051e+02   5.0867587e+01
  -9.2629879e+01   1.2026245e+02   4.9681386e+01
  -9.2666095e+01   1.2163452e+02   4.9869321e+01
  -9.2479815e+01   1.1895023e+02   4.9257072e+01
  -9.1883296e+01   1.1854677e+02   4.9350727e+01
  -9.3160701e+01   1.2002499e+02   5.0046382e+01
  -9.2143344e+01   1.2128857e+02   4.7167059e+01
  -9.2631795e+01   1.1864827e+02   4.9110537e+01
  -9.1827606e+01   1.2099078e+02   4.7529440e+01
  -9.2789406e+01   1.2036011e+02   4.9916541e+01
  -9.0584389e+01   1.1935165e+02   5.0165559e+01
  -9.2803938e+01   1.1993329e+02   4.9734837e+01
  -8.9540043e+01   1.2026460e+02   5.0197066e+01
  -9.3302962e+01   1.2060934e+02   5.0672345e+01
  -9.2686533e+01   1.1809304e+02   4.8829790e+01
  -9.0943055e+01   1.1977619e+02   4.9598238e+01
  -9.1555302e+01   1.1944568e+02   4.9837802e+01
  -9.3294589e+01   1.2116313e+02   5.1185292e+01
  -9.1417145e+01   1.1885762e+02   4.9652936e+01
  -9.3192765e+01   1.1965086e+02   4.9791482e+01
  -8.9702362e+01   1.1974627e+02   5.0831566e+01
  -9.1485872e+01   1.2082854e+02   4.6645619e+01
  -9.1516220e+01   1.2077287e+02   4.8885635e+01
  -9.2474479e+01   1.1894364e+02   4.9255293e+01
  -9.2259986e+01   1.2078108e+02   4.9788833e+01
  -9.1280378e+01   1.1874166e+02   4.9756554e+01
  -8.9700081e+01   1.1982248e+02   5.0744826e+01
  -9.3448157e+01   1.1881744e+02   4.9237847e+01
  -9.2412857e+01   1.1850088e+02   4.9105261e+01
  -9.2133741e+01   1.2019550e+02   5.0442470e+01
  -9.2185840e+01   1.1952394e+02   4.9908960e+01
  -9.0513571e+01   1.2022070e+02   4.9225556e+01
  -9.2847132e+01   1.2131113e+02   5.0395087e+01
  -9.1767103e+01   1.1995368e+02   5.0545119e+01
  -9.2407482e+01   1.2109062e+02   4.9355456e+01
  -9.1655217e+01   1.2090829e+02   4.7041208e+01
  -9.3281853e+01   1.1967827e+02   4.9864751e+01
  -9.3562195e+01   1.1940786e+02   4.9792631e+01
  -9.1324622e+01   1.1869840e+02   4.9725001e+01
  -9.2779997e+01   1.1903209e+02   4.9284820e+01
  -9.1378565e+01   1.1832405e+02   4.9672562e+01
  -9.2561928e+01   1.2185896e+02   4.8792906e+01
  -9.2988846e+01   1.2029002e+02   5.0075707e+01
  -9.1797708e+01   1.1837720e+02   4.9370745e+01
  -9.2896097e+01   1.2078768e+02   5.0247787e+01
  -9.0993363e+01   1.2021353e+02   4.9976681e+01
  -9.2204849e+01   1.1793724e+02   4.8996985e+01
  -9.2317374e+01   1.1863228e+02   4.9183009e+01
  -9.2877744e+01   1.2182731e+02   5.0672739e+01
  -9.1829416e+01   1.2044238e+02   5.0903233e+01
  -9.3229710e+01   1.2120561e+02   5.1108900e+01
  -9.1603864e+01   1.2107817e+02   5.0404448e+01
  -9.3291862e+01   1.1909189e+02   4.9414185e+01
  -9.1424178e+01   1.1949304e+02   4.9800270e+01
  -9.1886621e+01   1.2091503e+02   4.8228331e+01
  -9.0873592e+01   1.2060079e+02   4.7654811e+01
  -9.0012197e+01   1.2018972e+02   4.9748221e+01
  -9.3131434e+01   1.2130491e+02   5.1006988e+01
  -9.2291290e+01   1.2141322e+02   4.8202782e+01
  -9.0934701e+01   1.2120735e+02   5.1835264e+01
  -8.9512544e+01   1.2022663e+02   5.0328983e+01
  -9.2653857e+01   1.2020273e+02   4.9664335e+01
  -9.2572831e+01   1.2169037e+02   4.9369668e+01
  -8.9606688e+01   1.2028156e+02   5.0054483e+01
  -9.2765339e+01   1.2044796e+02   4.9927591e+01
  -9.0939308e+01   1.2035723e+02   4.8745586e+01
  -9.2801192e+01   1.2082691e+02   5.0121752e+01
  -9.2193212e+01   1.1898447e+02   4.9316192e+01
  -9.1217300e+01   1.1897823e+02   4.9777745e+01
  -9.1379130e+01   1.2071844e+02   5.1504631e+01
  -9.0499974e+01   1.2031399e+02   4.9000817e+01
  -9.2716351e+01   1.1838616e+02   4.8967138e+01
  -9.1806977e+01   1.2086614e+02   4.8161055e+01
  -9.1433680e+01   1.1848922e+02   4.9639575e+01
  -9.2237622e+01   1.1887478e+02   4.9278369e+01
  -9.0868391e+01   1.2017535e+02   4.9141962e+01
  -9.2592364e+01   1.1841542e+02   4.9014203e+01
  -9.2234519e+01   1.1872763e+02   4.9238942e+01
  -9.2987782e+01   1.1910574e+02   4.9351048e+01
  -9.0113417e+01   1.1988264e+02   5.0163152e+01
  -9.2819784e+01   1.2050971e+02   5.0014541e+01
  -9.1131318e+01   1.2044494e+02   5.1098504e+01
  -9.2116867e+01   1.2125799e+02   4.7428655e+01
  -9.3019643e+01   1.1766550e+02   4.8468028e+01
  -9.0716955e+01   1.2051663e+02   4.8154893e+01
  -9.2405665e+01   1.2161233e+02   4.8083319e+01
  -9.1848636e+01   1.2099473e+02   4.9912814e+01
  -9.3412531e+01   1.1892136e+02   4.9313592e+01
  -9.2185629e+01   1.1881845e+02   4.9278602e+01
  -9.1421348e+01   1.2055056e+02   4.8452466e+01
  -9.0980886e+01   1.2042715e+02   4.8554487e+01
  -9.3056146e+01   1.1994645e+02   4.9911953e+01
  -9.1750754e+01   1.2086381e+02   4.7994382e+01
  -9.2666944e+01   1.2105452e+02   4.9942149e+01
  -9.0977448e+01   1.2063617e+02   5.1085459e+01
  -9.2400161e+01   1.2127078e+02   4.9164602e+01
  -9.2715839e+01   1.2062800e+02   4.9932046e+01
  -9.1402797e+01   1.2063215e+02   4.8172872e+01
  -9.1153580e+01   1.2068807e+02   4.9592854e+01
  -9.0935895e+01   1.2055137e+02   4.8044207e+01
  -9.1623633e+01   1.2069973e+02   4.8299072e+01
  -9.2292575e+01   1.2144392e+02   4.7960845e+01
  -9.0932275e+01   1.2090529e+02   5.1309644e+01
  -9.2031295e+01   1.2112921e+02   4.7883116e+01
  -9.0853360e+01   1.2044415e+02   4.8483405e+01
  -9.2471796e+01   1.2172140e+02   4.8236434e+01
  -9.1370768e+01   1.2058403e+02   4.8300606e+01
  -9.0811247e+01   1.1904838e+02   5.0088774e+01
  -9.0171842e+01   1.2046179e+02   4.8704605e+01
  -9.3119479e+01   1.1988801e+02   4.9916689e+01
  -9.0671566e+01   1.1910440e+02   5.0198431e+01
  -9.2941561e+01   1.2046314e+02   5.0129500e+01
  -9.2281050e+01   1.1870503e+02   4.9217574e+01
  -9.1263503e+01   1.2087910e+02   4.9841077e+01
  -9.2671556e+01   1.2034995e+02   4.9797248e+01
  -9.1248733e+01   1.1862785e+02   4.9786449e+01
  -9.2067512e+01   1.2111921e+02   4.8158054e+01
  -9.2850317e+01   1.1860698e+02   4.9059056e+01
  -9.2248727e+01   1.2064015e+02   5.0154389e+01
  -9.2132472e+01   1.2103028e+02   4.8680062e+01
  -9.3004473e+01   1.1968508e+02   4.9712475e+01
  -9.2615810e+01   1.2065700e+02   4.9807178e+01
  -9.1240598e+01   1.2110372e+02   5.1856782e+01
  -9.2755523e+01   1.1969991e+02   4.9600713e+01
  -9.1368257e+01   1.1951749e+02   4.9773580e+01
  -9.3075609e+01   1.2124418e+02   5.0846506e+01
  -9.1428867e+01   1.2104858e+02   5.0218812e+01
  -9.2860518e+01   1.1809899e+02   4.8775764e+01
  -9.2472314e+01   1.2102255e+02   4.9541316e+01
  -9.2683436e+01   1.1980472e+02   4.9612105e+01
  -8.9794283e+01   1.2007007e+02   5.0252652e+01
  -9.1085243e+01   1.2035281e+02   5.0842060e+01
  -9.0238813e+01   1.2040430e+02   4.8892805e+01
  -9.2803142e+01   1.1988182e+02   4.9709842e+01
  -9.1053490e+01   1.1917831e+02   4.9850187e+01
  -9.1905109e+01   1.2094960e+02   4.8162676e+01
  -9.0243562e+01   1.1955030e+02   5.0370263e+01
  -9.0974689e+01   1.2066670e+02   5.1145772e+01
  -9.3174430e+01   1.1965309e+02   4.9782819e+01
  -9.2250244e+01   1.2079335e+02   4.9771030e+01
  -9.1056022e+01   1.2083149e+02   5.0355686e+01
  -9.1596929e+01   1.1808333e+02   4.9463297e+01
  -9.3125390e+01   1.2029584e+02   5.0214062e+01
  -9.2893826e+01   1.1907557e+02   4.9318741e+01
  -9.1681683e+01   1.1989929e+02   5.0504802e+01
  -9.1578426e+01   1.1987820e+02   5.0479983e+01
  -9.1143763e+01   1.2047854e+02   4.8452673e+01
  -9.2285042e+01   1.2009978e+02   5.0222546e+01
  -9.2339143e+01   1.2137178e+02   4.8714699e+01
  -9.1723753e+01   1.2094930e+02   4.7034083e+01
  -9.3493127e+01   1.1972331e+02   5.0041372e+01
  -9.3260936e+01   1.1994328e+02   5.0061998e+01
  -9.1053233e+01   1.2061688e+02   4.9839371e+01
  -9.3621136e+01   1.1834080e+02   4.8866425e+01
  -9.2582293e+01   1.2073856e+02   4.9769912e+01
  -9.1921886e+01   1.2103553e+02   4.7801804e+01
  -9.2691193e+01   1.1856280e+02   4.9059524e+01
  -9.2391551e+01   1.2076525e+02   4.9322406e+01
  -9.2700508e+01   1.2180692e+02   4.9937955e+01
  -9.1420003e+01   1.2046317e+02   5.1225515e+01
  -9.2212246e+01   1.2044447e+02   5.0362236e+01
  -9.1023154e+01   1.1994479e+02   4.9519668e+01
  -9.2372952e+01   1.2153512e+02   4.8290851e+01
  -9.0111114e+01   1.2044008e+02   4.8867333e+01
  -9.2458198e+01   1.2164274e+02   4.8634190e+01
  -9.3453322e+01   1.1806119e+02   4.8640296e+01
  -9.2192771e+01   1.1998182e+02   5.0268822e+01
  -9.3055480e+01   1.1898176e+02   4.9284940e+01
  -9.2290071e+01   1.1884785e+02   4.9257657e+01
  -9.0847500e+01   1.2018525e+02   4.9131488e+01
  -9.1020226e+01   1.2021847e+02   5.0286837e+01
  -9.1482789e+01   1.2070360e+02   4.8017813e+01
  -9.1511133e+01   1.2083500e+02   4.7000939e+01
  -9.1409896e+01   1.1999551e+02   5.0598880e+01
  -9.2267915e+01   1.2121211e+02   4.8769877e+01
  -9.2577454e+01   1.2174383e+02   4.9307814e+01
  -8.9779378e+01   1.2016027e+02   5.0097536e+01
  -8.9897150e+01   1.1991919e+02   5.0363687e+01
  -9.2446332e+01   1.2147260e+02   4.9049588e+01
  -9.0140624e+01   1.2032162e+02   4.9268281e+01
  -9.2666135e+01   1.1925867e+02   4.9380518e+01
  -9.1747248e+01   1.1874709e+02   4.9452596e+01
  -9.3418059e+01   1.1887136e+02   4.9274683e+01
  -9.1518773e+01   1.1828749e+02   4.9555842e+01
  -9.3252273e+01   1.1790712e+02   4.8557206e+01
  -9.2008379e+01   1.2106152e+02   4.8122334e+01
  -9.2693276e+01   1.1987965e+02   4.9626514e+01
  -9.3655965e+01   1.1924556e+02   4.9688690e+01
  -9.2817803e+01   1.1972759e+02   4.9642540e+01
  -9.2805159e+01   1.1991412e+02   4.9726465e+01
  -9.0321220e+01   1.2053659e+02   4.8125239e+01
  -9.2609408e+01   1.2178437e+02   4.9449846e+01
  -9.1903537e+01   1.1866522e+02   4.9360760e+01
  -9.2845221e+01   1.2154190e+02   5.0472286e+01
  -9.2938709e+01   1.1842098e+02   4.8942680e+01
  -9.2259586e+01   1.2109446e+02   4.8950218e+01
  -9.2105782e+01   1.2107064e+02   4.8494196e+01
  -9.2924413e+01   1.2186543e+02   5.0853946e+01
  -9.1595176e+01   1.1839222e+02   4.9511014e+01
  -9.0944579e+01   1.1969965e+02   4.9658883e+01
  -9.0277183e+01   1.1905834e+02   5.0630233e+01
  -9.1971390e+01   1.2093236e+02   4.8432438e+01
  -9.3154863e+01   1.1985088e+02   4.9914438e+01
  -9.2473519e+01   1.1911603e+02   4.9316278e+01
  -9.3095169e+01   1.2127628e+02   5.0910441e+01
  -9.2334699e+01   1.2104797e+02   4.9208197e+01
  -9.2772263e+01   1.2157545e+02   5.0258584e+01
  -9.1132879e+01   1.2032138e+02   4.8836069e+01
  -9.2930188e+01   1.1989098e+02   4.9792453e+01
  -9.1715579e+01   1.1866646e+02   4.9462604e+01
  -9.0960248e+01   1.2015080e+02   4.9154851e+01
  -9.2476571e+01   1.1785900e+02   4.8812898e+01
  -9.2641938e+01   1.1887642e+02   4.9212023e+01
  -9.0481827e+01   1.2042681e+02   4.8632885e+01
  -9.3121000e+01   1.2053803e+02   5.0387893e+01
  -9.3403597e+01   1.1849786e+02   4.8977795e+01
  -9.2750557e+01   1.2056580e+02   4.9954956e+01
  -9.1295942e+01   1.2054355e+02   4.8355550e+01
  -9.1208013e+01   1.1906798e+02   4.9767996e+01
  -9.1898714e+01   1.2085897e+02   4.8432684e+01
  -9.1264980e+01   1.2073326e+02   4.7103613e+01
  -9.2915722e+01   1.1869875e+02   4.9105883e+01
  -9.3168445e+01   1.2002653e+02   5.0053742e+01
  -9.2569379e+01   1.2091841e+02   4.9752557e+01
  -9.0635275e+01   1.2038086e+02   4.8733256e+01
  -9.2805755e+01   1.2154210e+02   5.0356835e+01
  -9.2534656e+01   1.2063206e+02   4.9389691e+01
  -9.2707381e+01   1.2192194e+02   4.9898915e+01
  -9.2526870e+01   1.2147958e+02   4.9409898e+01
  -9.2650323e+01   1.1860671e+02   4.9088032e+01
  -9.3261587e+01   1.1846806e+02   4.8950673e+01
  -9.1715018e+01   1.2104811e+02   5.0452040e+01
  -9.0922199e+01   1.1983837e+02   4.9553678e+01
  -9.0096159e+01   1.1979937e+02   5.0285884e+01
  -9.1459259e+01   1.2057037e+02   4.8438481e+01
  -9.3320805e+01   1.2083542e+02   5.0907737e+01
  -9.2586766e+01   1.1819271e+02   4.8914322e+01
  -8.9959624e+01   1.2037080e+02   4.9309742e+01
  -9.2795181e+01   1.2163964e+02   5.0341075e+01
  -9.2021538e+01   1.2084294e+02   4.8748071e+01
  -9.2773144e+01   1.2131562e+02   5.0219007e+01
  -9.2941125e+01   1.1878687e+02   4.9156626e+01
  -9.1519706e+01   1.1923659e+02   4.9556839e+01
  -9.2289522e+01   1.2140783e+02   4.8219559e+01
  -9.1201632e+01   1.1935672e+02   4.9692766e+01
  -9.1164942e+01   1.1952230e+02   4.9323973e+01
  -8.9596188e+01   1.1981130e+02   5.0900440e+01
  -9.3290446e+01   1.2088973e+02   5.0914201e+01
  -9.1808325e+01   1.1832150e+02   4.9353313e+01
  -9.3212998e+01   1.2024184e+02   5.0259093e+01
  -9.0505565e+01   1.1984660e+02   4.9830200e+01
  -9.3380267e+01   1.1864530e+02   4.9089719e+01
  -9.1308530e+01   1.1922475e+02   4.9669305e+01
  -8.9693053e+01   1.2026368e+02   4.9976173e+01
  -9.2888590e+01   1.1777097e+02   4.8580634e+01
  -9.1703966e+01   1.2063208e+02   5.1129832e+01
  -9.3295306e+01   1.2113741e+02   5.1161042e+01
  -9.2777535e+01   1.2035979e+02   4.9904584e+01
  -9.2676224e+01   1.1807162e+02   4.8822933e+01
  -9.2285670e+01   1.2010769e+02   5.0224501e+01
  -9.3434762e+01   1.2070661e+02   5.0939108e+01
  -9.2276990e+01   1.2060150e+02   5.0137208e+01
  -9.3341738e+01   1.2059440e+02   5.0707573e+01
  -9.3471075e+01   1.1962433e+02   4.9936546e+01
  -9.2318735e+01   1.1833616e+02   4.9080590e+01
  -9.1343077e+01   1.1893954e+02   4.9695728e+01
  -9.1814625e+01   1.2072812e+02   4.8565112e+01
  -9.0974155e+01   1.2068894e+02   5.0492632e+01
  -9.1511984e+01   1.1853777e+02   4.9584535e+01
  -9.3288759e+01   1.1943186e+02   4.9674554e+01
  -9.1126392e+01   1.2119771e+02   5.1331184e+01
  -9.1563394e+01   1.2081635e+02   4.8967613e+01
  -9.0578045e+01   1.1908868e+02   5.0295602e+01
  -9.1387053e+01   1.2067837e+02   4.7947898e+01
  -9.0844087e+01   1.2034062e+02   4.8797095e+01
  -8.9838737e+01   1.1953084e+02   5.0864029e+01
  -9.0258763e+01   1.1998449e+02   4.9868984e+01
  -9.2171591e+01   1.2088269e+02   4.9006562e+01
  -9.1947443e+01   1.2089221e+02   4.8471762e+01
  -9.2110294e+01   1.1983376e+02   5.0234915e+01
  -9.0292608e+01   1.2048159e+02   4.8497356e+01
  -9.2656964e+01   1.2039525e+02   4.9796221e+01
  -9.2221974e+01   1.2124720e+02   4.8467264e+01
  -9.2438434e+01   1.2129593e+02   4.9268520e+01
  -9.1265235e+01   1.1999662e+02   5.0483025e+01
  -9.3552097e+01   1.1943529e+02   4.9812403e+01
  -9.2199727e+01   1.1782429e+02   4.8959281e+01
  -9.2259213e+01   1.2060290e+02   5.0175366e+01
  -9.0803030e+01   1.2036328e+02   4.8742520e+01
  -9.1009889e+01   1.2029047e+02   5.0404519e+01
  -9.2911538e+01   1.1938532e+02   4.9496742e+01
  -9.3107877e+01   1.2061152e+02   5.0426115e+01
  -9.1712692e+01   1.1955348e+02   5.0057812e+01
  -9.0901940e+01   1.2126181e+02   5.2206866e+01
  -9.1487784e+01   1.2102796e+02   5.0048370e+01
  -9.0978492e+01   1.2087550e+02   5.0835371e+01
  -9.0992980e+01   1.2061001e+02   5.0192772e+01
  -9.2707502e+01   1.2134262e+02   5.0054325e+01
  -9.2388099e+01   1.2099439e+02   4.9372269e+01
  -9.0089820e+01   1.2036137e+02   4.9193745e+01
  -9.2296643e+01   1.2037998e+02   5.0234003e+01
  -9.1731742e+01   1.1815401e+02   4.9373148e+01
  -9.1087381e+01   1.2049993e+02   5.1131266e+01
  -9.2984482e+01   1.2089886e+02   5.0446685e+01
  -9.1130389e+01   1.1909199e+02   4.9817681e+01
  -9.3236929e+01   1.1988589e+02   4.9998537e+01
  -9.1325407e+01   1.1959786e+02   4.9856239e+01
  -9.2847089e+01   1.2092568e+02   5.0236392e+01
  -9.1718208e+01   1.1935905e+02   4.9786725e+01
  -9.1744700e+01   1.2076570e+02   4.8336715e+01
  -9.2018100e+01   1.2093464e+02   4.9776250e+01
  -9.0674234e+01   1.2028443e+02   4.8989275e+01
  -8.9764122e+01   1.1994730e+02   5.0491336e+01
  -9.1184415e+01   1.2026443e+02   5.0849829e+01
  -9.3224902e+01   1.1888012e+02   4.9242669e+01
  -9.1089791e+01   1.2049029e+02   5.1117455e+01
  -9.1342427e+01   1.1817970e+02   4.9690704e+01
  -9.1008522e+01   1.2097014e+02   5.0912838e+01
  -9.0426072e+01   1.1894886e+02   5.0506219e+01
  -9.2563155e+01   1.1844476e+02   4.9035701e+01
  -9.2008984e+01   1.2110459e+02   4.7894345e+01
  -9.2552224e+01   1.2144682e+02   4.9539025e+01
  -8.9686698e+01   1.1975688e+02   5.0840607e+01
  -9.3394485e+01   1.2055423e+02   5.0734742e+01
  -9.1277422e+01   1.2071663e+02   4.9274803e+01
  -8.9585381e+01   1.1981025e+02   5.0916787e+01
  -9.1082261e+01   1.2093122e+02   5.0529660e+01
  -9.1139111e+01   1.2057770e+02   5.1333279e+01
  -9.2983615e+01   1.1873074e+02   4.9123583e+01
  -9.0330015e+01   1.1965644e+02   5.0188242e+01
  -9.0357757e+01   1.2016300e+02   4.9465204e+01
  -9.2539028e+01   1.1785679e+02   4.8780088e+01
  -9.1044129e+01   1.2068680e+02   5.1405182e+01
  -9.3305133e+01   1.2069832e+02   5.0756725e+01
  -9.3369579e+01   1.2077307e+02   5.0916759e+01
  -9.3274247e+01   1.2040853e+02   5.0460689e+01
  -9.0860623e+01   1.1894401e+02   5.0073705e+01
  -9.0997696e+01   1.2014187e+02   4.9768109e+01
  -9.1503168e+01   1.2106945e+02   5.0280981e+01
  -9.2843659e+01   1.1871760e+02   4.9119906e+01
  -9.2212085e+01   1.1948830e+02   4.9860068e+01
  -9.1715435e+01   1.2000910e+02   5.0624135e+01
  -9.0316725e+01   1.2019017e+02   4.9442439e+01
  -9.2291724e+01   1.1886165e+02   4.9261263e+01
  -9.2564671e+01   1.2135249e+02   4.9640211e+01
  -9.2908699e+01   1.2028946e+02   4.9998305e+01
  -9.0920539e+01   1.2133699e+02   5.2270608e+01
  -9.2762992e+01   1.1962913e+02   4.9571256e+01
  -9.2657576e+01   1.1842622e+02   4.9001485e+01
  -9.0416677e+01   1.2050235e+02   4.8299628e+01
  -9.1954719e+01   1.2087636e+02   4.8528931e+01
  -9.3346904e+01   1.1860859e+02   4.9058089e+01
  -9.2434483e+01   1.2160897e+02   4.8551672e+01
  -9.1379219e+01   1.2093852e+02   5.1639118e+01
  -9.2479616e+01   1.1834983e+02   4.9022271e+01
  -9.2632596e+01   1.2165595e+02   4.9713393e+01
  -9.2486417e+01   1.1911543e+02   4.9315664e+01
  -9.0862402e+01   1.1877798e+02   5.0107616e+01
  -9.1978229e+01   1.2098356e+02   4.8300000e+01
  -9.1629124e+01   1.2085514e+02   4.9026343e+01
  -8.9748278e+01   1.1981548e+02   5.0689535e+01
  -9.3207099e+01   1.1958934e+02   4.9753754e+01
  -9.0117369e+01   1.1978014e+02   5.0284582e+01
  -9.3487623e+01   1.1851670e+02   4.8999981e+01
  -9.1407671e+01   1.2037595e+02   5.1124073e+01
  -9.1564822e+01   1.2085977e+02   4.9147995e+01
  -9.2419283e+01   1.2158168e+02   4.8532987e+01
  -9.0190566e+01   1.2017563e+02   4.9590360e+01
  -9.1880167e+01   1.2026707e+02   5.0750484e+01
  -9.1222611e+01   1.1959420e+02   4.9649956e+01
  -9.0964600e+01   1.2056834e+02   5.0434260e+01
  -9.0476376e+01   1.1948768e+02   5.0181767e+01
  -9.2886685e+01   1.2091185e+02   5.0295676e+01
  -9.1139205e+01   1.2069248e+02   4.7175426e+01
  -9.3024286e+01   1.2158725e+02   5.0982240e+01
  -9.0634230e+01   1.2059139e+02   4.7541067e+01
  -9.2717235e+01   1.2061181e+02   4.9928862e+01
  -9.0626870e+01   1.1937152e+02   5.0115326e+01
  -9.2755604e+01   1.1771278e+02   4.8605025e+01
  -9.1701658e+01   1.1871239e+02   4.9474939e+01
  -9.2190490e+01   1.2107183e+02   4.8777453e+01
  -9.2465083e+01   1.2168604e+02   4.8464064e+01
  -9.1378056e+01   1.1836457e+02   4.9675952e+01
  -9.3548531e+01   1.1937926e+02   4.9759066e+01
  -9.1063235e+01   1.2031814e+02   4.9116629e+01
  -9.2313730e+01   1.2140103e+02   4.8456105e+01
  -9.2455320e+01   1.2090163e+02   4.9546941e+01
  -9.2229451e+01   1.2110260e+02   4.8844573e+01
  -9.2639876e+01   1.2090329e+02   4.9876831e+01
  -9.3232291e+01   1.2115872e+02   5.1069902e+01
  -9.1281759e+01   1.2097804e+02   5.1773307e+01
  -9.2636099e+01   1.2108859e+02   4.9879918e+01
  -9.2452267e+01   1.2053536e+02   4.9815708e+01
  -9.3323097e+01   1.1990553e+02   5.0078586e+01
  -9.0407832e+01   1.2050531e+02   4.8286552e+01
  -9.0099413e+01   1.1967803e+02   5.0413409e+01
  -9.2093635e+01   1.2090736e+02   4.9546519e+01
  -9.2022113e+01   1.2092736e+02   4.9416924e+01
  -9.1257407e+01   1.2066525e+02   4.7770852e+01
  -9.1148600e+01   1.2079806e+02   4.9921382e+01
  -9.1867977e+01   1.2023801e+02   5.0741598e+01
  -9.3090460e+01   1.2156447e+02   5.1130497e+01
  -9.2846135e+01   1.2047126e+02   5.0026816e+01
  -9.3294707e+01   1.1809278e+02   4.8680448e+01
  -9.1682531e+01   1.2013269e+02   5.0770011e+01
  -9.2551768e+01   1.2022041e+02   4.9838176e+01
  -9.2849561e+01   1.2015958e+02   4.9877933e+01
  -9.2319224e+01   1.2104636e+02   4.9171009e+01
  -9.1596185e+01   1.2085324e+02   4.7408434e+01
  -9.0425824e+01   1.2046716e+02   4.8483562e+01
  -9.2854278e+01   1.2119717e+02   5.0365574e+01
  -9.2806092e+01   1.2031826e+02   4.9914520e+01
  -9.0977217e+01   1.2079321e+02   5.0669407e+01
  -9.2990370e+01   1.1848124e+02   4.8972332e+01
  -9.2076019e+01   1.1850715e+02   4.9243320e+01
  -9.3089216e+01   1.2097365e+02   5.0667872e+01
  -9.3282119e+01   1.1901484e+02   4.9353374e+01
  -9.1251949e+01   1.2070090e+02   5.1542253e+01
  -9.3636794e+01   1.1928643e+02   4.9717988e+01
  -9.1885426e+01   1.2081488e+02   4.8511017e+01
  -9.3476624e+01   1.2056206e+02   5.0843794e+01
  -9.1449973e+01   1.2113746e+02   5.1231281e+01
  -9.3130555e+01   1.2020984e+02   5.0156221e+01
  -9.1683899e+01   1.2065759e+02   4.8509312e+01
  -9.2174166e+01   1.2098275e+02   4.8880800e+01
  -9.0853165e+01   1.2021245e+02   4.9079176e+01
  -9.1092127e+01   1.1975850e+02   4.9554853e+01
  -9.2845119e+01   1.1999771e+02   4.9793443e+01
  -9.3309456e+01   1.1903345e+02   4.9374598e+01
  -9.2633976e+01   1.2129631e+02   4.9859693e+01
  -9.2940591e+01   1.1855569e+02   4.9021336e+01
  -9.0807814e+01   1.2061898e+02   4.7359769e+01
  -9.3410075e+01   1.1985745e+02   5.0102877e+01
  -9.1040338e+01   1.1905856e+02   4.9893682e+01
  -9.1151259e+01   1.2065464e+02   5.1463380e+01
  -9.1287448e+01   1.2082426e+02   4.9595016e+01
  -9.2192085e+01   1.2132935e+02   4.7710061e+01
  -9.2261649e+01   1.1886838e+02   4.9270526e+01
  -9.0605091e+01   1.2009287e+02   4.9413729e+01
  -9.2815028e+01   1.1788527e+02   4.8673010e+01
  -9.2900945e+01   1.1952454e+02   4.9571220e+01
  -9.1131538e+01   1.1960583e+02   4.9379899e+01
  -9.2660186e+01   1.1777669e+02   4.8682589e+01
  -9.2687461e+01   1.1841242e+02   4.8987282e+01
  -9.3325606e+01   1.2104459e+02   5.1120072e+01
  -9.1478360e+01   1.1895491e+02   4.9608886e+01
  -8.9913622e+01   1.2017714e+02   4.9891790e+01
  -9.1894805e+01   1.1859375e+02   4.9352954e+01
  -9.3236638e+01   1.1844203e+02   4.8932404e+01
  -9.2659780e+01   1.1816710e+02   4.8875897e+01
  -9.3073714e+01   1.2170907e+02   5.1205137e+01
  -9.2028272e+01   1.1937411e+02   4.9812688e+01
  -9.2493174e+01   1.2147052e+02   4.9275781e+01
  -9.1104614e+01   1.2018002e+02   5.0540654e+01
  -9.2213792e+01   1.2023447e+02   5.0354406e+01
  -9.1740800e+01   1.2090875e+02   4.7696870e+01
  -9.2637959e+01   1.2160137e+02   4.9771421e+01
  -9.1042304e+01   1.1978471e+02   4.9251437e+01
  -9.3077743e+01   1.1853077e+02   4.8997024e+01
  -9.2783054e+01   1.1834167e+02   4.8928163e+01
  -9.1777484e+01   1.1820376e+02   4.9350527e+01
  -9.2535073e+01   1.2029378e+02   4.9842625e+01
  -9.3254010e+01   1.2024507e+02   5.0301754e+01
  -9.2307276e+01   1.1783286e+02   4.8896327e+01
  -9.1889080e+01   1.1951553e+02   5.0007867e+01
  -9.0761614e+01   1.2027144e+02   4.8986293e+01
  -9.1435184e+01   1.1989466e+02   5.0459380e+01
  -9.1156368e+01   1.2076534e+02   5.1626018e+01
  -9.1462466e+01   1.2108427e+02   5.0394521e+01
  -9.0679377e+01   1.1964495e+02   4.9885263e+01
  -9.2173380e+01   1.1901803e+02   4.9328059e+01
  -9.2238821e+01   1.1907962e+02   4.9328977e+01
  -9.2291621e+01   1.2136981e+02   4.8429027e+01
  -9.3572573e+01   1.1833716e+02   4.8859795e+01
  -9.1242662e+01   1.2067421e+02   4.7678622e+01
  -9.2722700e+01   1.1980608e+02   4.9631998e+01
  -9.3563200e+01   1.1880638e+02   4.9255922e+01
  -9.2220222e+01   1.2085781e+02   4.9358592e+01
  -9.1566784e+01   1.2109297e+02   5.0513308e+01
  -9.0898398e+01   1.1997206e+02   4.9423378e+01
  -9.2160538e+01   1.1983053e+02   5.0193396e+01
  -9.3444263e+01   1.1942182e+02   4.9742768e+01
  -9.0977425e+01   1.2057111e+02   5.0262921e+01
  -9.3282425e+01   1.2098926e+02   5.0995791e+01
  -9.1499112e+01   1.1972176e+02   5.0230607e+01
  -9.1542393e+01   1.1900280e+02   4.9569475e+01
  -9.2201128e+01   1.1859986e+02   4.9214314e+01
  -9.2612089e+01   1.2088539e+02   4.9827384e+01
  -9.2323602e+01   1.1787219e+02   4.8902358e+01
  -9.3047332e+01   1.1801096e+02   4.8672825e+01
  -9.3141373e+01   1.1769241e+02   4.8442646e+01
  -8.9957840e+01   1.2009069e+02   5.0012782e+01
  -9.0684129e+01   1.1883980e+02   5.0267684e+01
  -9.1722358e+01   1.2095564e+02   4.9449362e+01
  -9.2090837e+01   1.1825853e+02   4.9167705e+01
  -9.3083763e+01   1.1848255e+02   4.8965715e+01
  -9.2723071e+01   1.2181994e+02   5.0040834e+01
  -9.1387698e+01   1.2053934e+02   4.8450757e+01
  -9.0746411e+01   1.1888909e+02   5.0194079e+01
  -9.3360065e+01   1.1864756e+02   4.9089102e+01
  -9.0560170e+01   1.2007927e+02   4.9466387e+01
  -9.3365177e+01   1.2034828e+02   5.0506123e+01
  -9.0820067e+01   1.1949082e+02   4.9884671e+01
  -9.2579356e+01   1.2187583e+02   4.8949660e+01
  -9.0941686e+01   1.2130866e+02   5.2312573e+01
  -9.2030649e+01   1.1906102e+02   4.9371169e+01
  -9.1697997e+01   1.2042740e+02   5.1025099e+01
  -9.2056723e+01   1.1852655e+02   4.9257378e+01
  -9.2301585e+01   1.2130459e+02   4.8700268e+01
  -9.2944892e+01   1.1804455e+02   4.8720371e+01
  -9.2509310e+01   1.1924002e+02   4.9359362e+01
  -9.0691861e+01   1.1878368e+02   5.0272926e+01
  -9.2208982e+01   1.2107942e+02   4.8821128e+01
  -9.2948067e+01   1.2181179e+02   5.0905633e+01
  -9.1324010e+01   1.1872999e+02   4.9724312e+01
  -9.2199589e+01   1.1979959e+02   5.0138022e+01
  -9.2188012e+01   1.2096608e+02   4.8939260e+01
  -9.0681032e+01   1.1912727e+02   5.0180730e+01
  -9.1136713e+01   1.2093839e+02   5.1846731e+01
  -9.2172266e+01   1.2116344e+02   4.8494868e+01
  -9.2716721e+01   1.2119933e+02   5.0064884e+01
  -8.9582382e+01   1.1987081e+02   5.0844321e+01
  -9.2241816e+01   1.2139914e+02   4.7371018e+01
  -9.2726373e+01   1.2172393e+02   5.0085202e+01
  -9.0971315e+01   1.2046604e+02   5.0515018e+01
  -9.1260199e+01   1.2118735e+02   5.1733113e+01
  -9.2308588e+01   1.2136563e+02   4.8556273e+01
  -9.2963781e+01   1.2043023e+02   5.0134873e+01
  -9.2801275e+01   1.2050464e+02   4.9990961e+01
  -9.2816081e+01   1.2016583e+02   4.9853403e+01
  -9.2677511e+01   1.2180401e+02   4.9823055e+01
  -9.1811987e+01   1.1908567e+02   4.9444106e+01
  -9.2728418e+01   1.2165252e+02   5.0106300e+01
  -9.2293312e+01   1.1885957e+02   4.9260279e+01
  -9.1178864e+01   1.2045975e+02   5.1174917e+01
  -9.0837386e+01   1.1892340e+02   5.0099915e+01
  -9.0600121e+01   1.1907904e+02   5.0277360e+01
  -9.0948866e+01   1.1920386e+02   4.9921080e+01
  -9.2029838e+01   1.2107019e+02   4.8185406e+01
  -9.1730964e+01   1.1901558e+02   4.9475721e+01
  -9.0849745e+01   1.2018543e+02   4.9130395e+01
  -9.2910358e+01   1.1890830e+02   4.9225745e+01
  -9.3477849e+01   1.2001809e+02   5.0305672e+01
  -9.0801120e+01   1.1974105e+02   4.9715526e+01
  -9.2504360e+01   1.2141460e+02   4.9386110e+01
  -9.3244332e+01   1.2099452e+02   5.0939140e+01
  -9.0929489e+01   1.2100998e+02   5.1737351e+01
  -9.2813703e+01   1.2105356e+02   5.0228416e+01
  -9.1550733e+01   1.2110933e+02   5.0832661e+01
  -9.2664233e+01   1.2190380e+02   4.9642713e+01
  -9.2779674e+01   1.1808705e+02   4.8794418e+01
  -9.2534618e+01   1.2037219e+02   4.9799402e+01
  -9.3467692e+01   1.2026606e+02   5.0535544e+01
  -9.2964400e+01   1.1870114e+02   4.9105957e+01
  -9.2266132e+01   1.1788317e+02   4.8940290e+01
  -9.0989983e+01   1.2044915e+02   5.0682584e+01
  -9.2590080e+01   1.2182246e+02   4.9234117e+01
  -9.2945192e+01   1.1867251e+02   4.9089549e+01
  -9.3544547e+01   1.1928709e+02   4.9673407e+01
  -9.0922059e+01   1.2103353e+02   5.1728412e+01
  -9.1901603e+01   1.1992673e+02   5.0454615e+01
  -9.0513766e+01   1.2020045e+02   4.9269657e+01
  -9.0125099e+01   1.2041927e+02   4.8941505e+01
  -9.0375726e+01   1.2050990e+02   4.8276302e+01
  -9.2018261e+01   1.2089782e+02   4.8638759e+01
  -9.3120481e+01   1.1805190e+02   4.8682048e+01
  -9.2019800e+01   1.1954964e+02   5.0012933e+01
  -9.0919056e+01   1.1975539e+02   4.9629430e+01
  -9.3210150e+01   1.2053394e+02   5.0492138e+01
  -9.0432148e+01   1.1899060e+02   5.0484752e+01
  -9.2782681e+01   1.2205040e+02   5.0266029e+01
  -9.1855640e+01   1.2089573e+02   4.9003003e+01
  -9.1288784e+01   1.2050700e+02   4.8458703e+01
  -9.2673806e+01   1.1952618e+02   4.9495513e+01
  -9.3488758e+01   1.2024196e+02   5.0533304e+01
  -9.1890292e+01   1.1911415e+02   4.9418128e+01
  -8.9776872e+01   1.2001081e+02   5.0376309e+01
  -9.3270280e+01   1.1963722e+02   4.9825472e+01
  -9.2297423e+01   1.2142146e+02   4.8211462e+01
  -9.2430512e+01   1.2032279e+02   5.0019055e+01
  -9.0294281e+01   1.2048107e+02   4.8498844e+01
  -9.2864359e+01   1.1844939e+02   4.8970228e+01
  -9.3275587e+01   1.1887087e+02   4.9244739e+01
  -9.1564104e+01   1.2073276e+02   4.8063857e+01
  -9.1847373e+01   1.2035560e+02   5.0837640e+01
  -9.1976689e+01   1.2091201e+02   4.9130842e+01
  -9.3265445e+01   1.2031664e+02   5.0373025e+01
  -9.0171225e+01   1.2007631e+02   4.9804608e+01
  -9.2373090e+01   1.2119801e+02   4.9161913e+01
  -9.2624106e+01   1.2181597e+02   4.9497572e+01
  -9.2490390e+01   1.1833659e+02   4.9012880e+01
  -9.3590809e+01   1.1836799e+02   4.8886909e+01
  -9.2921119e+01   1.2166378e+02   5.0744208e+01
  -9.2963011e+01   1.2085169e+02   5.0384365e+01
  -8.9875224e+01   1.1970482e+02   5.0652945e+01
  -9.2670462e+01   1.1919311e+02   4.9352436e+01
  -9.3107203e+01   1.2013439e+02   5.0080988e+01
  -9.3036905e+01   1.1913427e+02   4.9378573e+01
  -9.1561892e+01   1.1857705e+02   4.9552328e+01
  -9.0785245e+01   1.2032981e+02   4.8837125e+01
  -9.1927122e+01   1.2107702e+02   4.7449808e+01
  -9.2090820e+01   1.1868401e+02   4.9279941e+01
  -9.1415291e+01   1.1974565e+02   5.0212243e+01
  -9.2611344e+01   1.2190253e+02   4.9212731e+01
  -9.1105193e+01   1.2030731e+02   4.8861595e+01
  -9.0966738e+01   1.2013830e+02   4.9172519e+01
  -9.1863845e+01   1.2011021e+02   5.0644865e+01
  -9.2998761e+01   1.2118842e+02   5.0655182e+01
  -9.1373031e+01   1.2051595e+02   4.8499907e+01
  -9.2303612e+01   1.2104092e+02   4.9137085e+01
  -9.0523826e+01   1.2011441e+02   4.9431067e+01
  -9.3427428e+01   1.1970224e+02   4.9977644e+01
  -9.3019295e+01   1.2137690e+02   5.0823674e+01
  -9.3251094e+01   1.1782797e+02   4.8502786e+01
  -9.2598150e+01   1.2179785e+02   4.9349621e+01
  -9.0976678e+01   1.2082873e+02   5.0746368e+01
  -9.0835614e+01   1.2020294e+02   4.9102943e+01
  -9.2528205e+01   1.2110600e+02   4.9638262e+01
  -9.0341930e+01   1.2032897e+02   4.9065826e+01
  -9.3344162e+01   1.1958905e+02   4.9829441e+01
  -9.1325773e+01   1.2113487e+02   5.1662893e+01
  -9.2609847e+01   1.2147496e+02   4.9730592e+01
  -9.0485300e+01   1.2056284e+02   4.7826845e+01
  -9.2577959e+01   1.1856970e+02   4.9086597e+01
  -9.2806715e+01   1.2167194e+02   5.0384781e+01
  -9.3156162e+01   1.1828262e+02   4.8828303e+01
  -9.1990376e+01   1.1859922e+02   4.9305768e+01
  -9.0759104e+01   1.2018588e+02   4.9164713e+01
  -9.0348551e+01   1.1982756e+02   4.9992171e+01
  -9.3044011e+01   1.2121587e+02   5.0763086e+01
  -8.9781616e+01   1.2018516e+02   5.0041290e+01
  -9.2699098e+01   1.2166135e+02   4.9991788e+01
  -9.2483685e+01   1.2144315e+02   4.9270035e+01
  -9.1709139e+01   1.2090341e+02   4.7572579e+01
  -9.0812625e+01   1.1878611e+02   5.0153353e+01
  -9.3231135e+01   1.1857577e+02   4.9026716e+01
  -9.2710405e+01   1.1821873e+02   4.8884765e+01
  -9.2414374e+01   1.2129478e+02   4.9185230e+01
  -9.2045497e+01   1.2082920e+02   4.8819520e+01
  -9.3190152e+01   1.1771536e+02   4.8442695e+01
  -9.1732899e+01   1.1816060e+02   4.9373622e+01
  -9.2123295e+01   1.1850699e+02   4.9221230e+01
  -9.2929311e+01   1.2034838e+02   5.0051227e+01
  -9.2620458e+01   1.2059236e+02   4.9801950e+01
  -9.0947606e+01   1.2009923e+02   4.9236608e+01
  -9.1303072e+01   1.2030442e+02   5.1010813e+01
  -9.1330111e+01   1.2102485e+02   5.0247691e+01
  -9.3226917e+01   1.1986061e+02   4.9971694e+01
  -9.0008200e+01   1.1982865e+02   5.0350858e+01
  -9.1300894e+01   1.2036880e+02   5.1103945e+01
  -9.2804250e+01   1.1981884e+02   4.9680253e+01
  -9.2679612e+01   1.2131393e+02   4.9980144e+01
  -9.1182006e+01   1.1937655e+02   4.9697069e+01
  -9.1847995e+01   1.2058878e+02   5.0926080e+01
  -9.0960518e+01   1.2065145e+02   5.0992512e+01
  -9.1241229e+01   1.2043834e+02   4.8609583e+01
  -9.2429531e+01   1.1897759e+02   4.9272593e+01
  -9.0563121e+01   1.1931503e+02   5.0205768e+01
  -9.0791899e+01   1.2025450e+02   4.9013637e+01
  -9.3414674e+01   1.2078464e+02   5.0991787e+01
  -9.2535447e+01   1.2159474e+02   4.9306327e+01
  -9.0986064e+01   1.1970999e+02   4.9627225e+01
  -8.9848379e+01   1.1980007e+02   5.0579467e+01
  -9.2044984e+01   1.2118118e+02   4.7503671e+01
  -9.2933845e+01   1.1904487e+02   4.9306445e+01
  -9.3020585e+01   1.1957392e+02   4.9650789e+01
  -9.0838993e+01   1.1912285e+02   5.0039925e+01
  -9.1957536e+01   1.2097670e+02   4.8250112e+01
  -9.2859536e+01   1.2150198e+02   5.0498421e+01
  -9.1356427e+01   1.2108191e+02   5.1654141e+01
  -9.3048038e+01   1.2162707e+02   5.1072926e+01
  -9.1064728e+01   1.2065380e+02   4.9870752e+01
  -9.3588338e+01   1.1912396e+02   4.9545292e+01
  -9.0969575e+01   1.2046410e+02   5.0296243e+01
  -9.0688763e+01   1.2048136e+02   4.8332712e+01
  -9.3602823e+01   1.1993824e+02   5.0334196e+01
  -9.3266990e+01   1.2053817e+02   5.0564410e+01
  -9.1146770e+01   1.2102204e+02   5.0621105e+01
  -9.3366777e+01   1.1804475e+02   4.8636645e+01
  -9.2220013e+01   1.2099068e+02   4.8985502e+01
  -8.9863912e+01   1.1991845e+02   5.0405787e+01
  -9.0416939e+01   1.2029292e+02   4.9113506e+01
  -9.1407665e+01   1.1968043e+02   5.0098800e+01
  -9.2403913e+01   1.1900641e+02   4.9285223e+01
  -9.3094647e+01   1.2082644e+02   5.0566821e+01
  -9.1650274e+01   1.1875158e+02   4.9507540e+01
  -9.3510026e+01   1.1843055e+02   4.8932121e+01
  -9.1972814e+01   1.1821932e+02   4.9225819e+01
  -9.2230463e+01   1.1780768e+02   4.8933643e+01
  -9.2115473e+01   1.2125965e+02   4.7297158e+01
  -9.3068498e+01   1.1781333e+02   4.8543051e+01
  -9.3290968e+01   1.2095687e+02   5.0978571e+01
  -9.0863849e+01   1.1921797e+02   4.9984018e+01
  -9.1769665e+01   1.1797450e+02   4.9305517e+01
  -9.1893869e+01   1.1868556e+02   4.9368876e+01
  -9.2193433e+01   1.1909485e+02   4.9340076e+01
  -9.0882146e+01   1.1870764e+02   5.0100585e+01
  -9.1395372e+01   1.2059288e+02   4.8300131e+01
  -9.1946810e+01   1.2104872e+02   4.7864971e+01
  -9.3216362e+01   1.2063203e+02   5.0581327e+01
  -9.3253014e+01   1.2074305e+02   5.0726038e+01
  -9.2090409e+01   1.2113904e+02   4.8190428e+01
  -9.2669966e+01   1.2046208e+02   4.9395022e+01
  -9.2060863e+01   1.2107080e+02   4.8318551e+01
  -9.1986804e+01   1.1910404e+02   4.9388462e+01
  -9.2817933e+01   1.1991859e+02   4.9736487e+01
  -9.2448470e+01   1.2070691e+02   4.9409411e+01
  -9.2281554e+01   1.1909181e+02   4.9325488e+01
  -9.1178092e+01   1.2040858e+02   4.8655707e+01
  -9.1985590e+01   1.2084107e+02   5.0479371e+01
  -9.2951999e+01   1.2021043e+02   4.9993564e+01
  -9.0610212e+01   1.2058821e+02   4.7567669e+01
  -9.1236758e+01   1.1894102e+02   4.9769368e+01
  -9.2792564e+01   1.2102151e+02   5.0177510e+01
  -9.1706712e+01   1.1905377e+02   4.9486683e+01
  -9.0882967e+01   1.2020794e+02   4.9078695e+01
  -9.2450089e+01   1.1908776e+02   4.9307782e+01
  -9.3471069e+01   1.1845906e+02   4.8952093e+01
  -9.2901579e+01   1.2139995e+02   5.0563145e+01
  -9.3249219e+01   1.1889210e+02   4.9255548e+01
  -9.2611655e+01   1.2084933e+02   4.9824161e+01
  -9.2445922e+01   1.2089323e+02   4.9532097e+01
  -9.3118360e+01   1.2109080e+02   5.0807949e+01
  -9.1937914e+01   1.1816679e+02   4.9234222e+01
  -9.1780259e+01   1.1795551e+02   4.9292891e+01
  -9.2473869e+01   1.1854241e+02   4.9102430e+01
  -9.2363244e+01   1.2117357e+02   4.9159358e+01
  -9.2137697e+01   1.1833012e+02   4.9163878e+01
  -9.2688198e+01   1.1886037e+02   4.9201546e+01
  -9.2563442e+01   1.2086200e+02   4.9743887e+01
  -9.1148140e+01   1.1958716e+02   4.9405332e+01
  -9.1540910e+01   1.1856723e+02   4.9566092e+01
  -9.3120735e+01   1.1955586e+02   4.9685946e+01
  -8.9657225e+01   1.2033013e+02   4.9846181e+01
  -9.1750310e+01   1.1893529e+02   4.9464334e+01
  -9.2297374e+01   1.1887233e+02   4.9263029e+01
  -9.1482180e+01   1.1922007e+02   4.9577305e+01
  -9.0098532e+01   1.1918047e+02   5.0780769e+01
  -9.1304527e+01   1.1976443e+02   5.0125476e+01
  -9.3409280e+01   1.2034372e+02   5.0549207e+01
  -9.3348601e+01   1.2077120e+02   5.0885512e+01
  -9.2604610e+01   1.2109176e+02   4.9812201e+01
  -9.2052308e+01   1.1794763e+02   4.9096906e+01
  -9.2691607e+01   1.1826748e+02   4.8914864e+01
  -9.2867595e+01   1.2033688e+02   4.9983338e+01
  -9.2865104e+01   1.1985535e+02   4.9733017e+01
  -9.0614406e+01   1.2057809e+02   4.7683743e+01
  -9.0944804e+01   1.2089082e+02   5.1530980e+01
  -9.1491517e+01   1.1907866e+02   4.9591211e+01
  -9.2162760e+01   1.2113673e+02   4.8531637e+01
  -9.1817825e+01   1.1855271e+02   4.9388544e+01
  -9.2022176e+01   1.1953542e+02   4.9996595e+01
  -9.1977254e+01   1.2005648e+02   5.0515224e+01
  -9.2635588e+01   1.2179630e+02   4.9596405e+01
  -9.3242776e+01   1.1852979e+02   4.8994457e+01
  -9.2877928e+01   1.2165962e+02   5.0611664e+01
  -9.2878535e+01   1.2196064e+02   5.0719632e+01
  -9.1678293e+01   1.2091286e+02   4.9242336e+01
  -9.0765996e+01   1.1979780e+02   4.9686727e+01
  -9.3306618e+01   1.1804031e+02   4.8641336e+01
  -9.3085122e+01   1.1837233e+02   4.8894733e+01
  -9.3557010e+01   1.1892586e+02   4.9357947e+01
  -9.0846546e+01   1.2049055e+02   4.8301207e+01
